0
10034864
10061427
10063568
10066184
10075420
10078611
10080695
10082981
10084803
10085020
10085024
10087610
10087615
10097799
10098312
10098673
10098834
10098842
10099281
10104183
10104647
10104988
10107835
10108684
10108687
10110802
10115715
10117465
10117733
10118424
10118425
10118440
10118441
10119910
10128780
10128838
10139148
10139149
10140011
10145597
10160407
10160870
10160895
10166620
10172950
10177802
10180061
10190845
10209490
10210733
10215568
10222758
10222760
10222762
10222767
10229827
10237810
10238009
10238663
10238722
10247346
10248005
10248010
10248370
10253143
10254349
10260489
10261852
10262839
10263507
10263758
10264463
10266462
10266464
10270241
10271089
10271652
10282807
10286152
10288249
10288251
10288623
10288626
10292903
10294278
10297851
10303134
10304517
10304519
10305114
10305790
10305804
10306332
10306797
10312685
10315018
10326345
10326347
10326351
10330531
10334711
10334713
10335477
10343903
10345865
10345867
10348883
10348915
10349632
10354136
10354257
10358317
10359979
10360718
10364815
10365444
10368690
10370125
10376890
10376899
10376905
10377035
10382787
10384627
10384632
10384639
10387809
10387847
10391460
10392200
10395574
10395627
10407763
10409083
10409084
10422596
10424905
10433849
10434024
10434366
10434622
10434667
10434668
10434781
10446895
10448986
10449065
10450112
10469889
10489614
10513402
10513478
10514675
10516351
10516389
10517048
10517202
10517214
10517316
10517319
10517384
10517398
10520301
10521806
10524322
10524346
10542936
10560980
10578479
10579109
10579112
10588111
10599974
10600033
10602813
10602817
10605279
10615678
10615753
10625557
10631533
10631583
10634718
10641003
10643363
10648929
10654895
10679814
10680148
10683248
10683252
10692089
10700654
10704089
10713424
10713579
10713616
10713672
10713722
10713730
10713782
10719413
10719674
10726014
10735827
10749861
10750422
10750424
10753754
10753767
10766770
10780891
10780893
10798818
10812353
10817740
10826181
10827512
10837229
10837242
10841372
10844132
10846521
10863170
10864206
10864391
10866447
10872118
10874770
10874859
10874975
10875208
10875365
10876337
10876338
10876339
10876341
10876343
10876344
10876345
10876346
10876350
10876351
10877339
10883162
10886423
10894638
10895696
10901591
10907707
10907708
10912581
10912582
10914919
10915210
10915411
10915446
10915650
10921069
10922975
10923693
10925040
10925056
10926721
10932495
10933254
10934905
10935310
10936118
10937087
10937121
10937254
10941678
10943109
10943116
10943574
10944902
10944950
10945250
10946052
10946087
10952054
10952090
10952169
10952843
10952869
10952967
10954606
10956179
10958242
10958255
10958573
10960045
10968207
10970312
10970906
10971235
10972242
10973110
10973998
10974036
10981794
10982787
10983167
10983172
10983174
10983177
10983202
10988852
10994954
10998987
10998991
10999221
11001446
11001745
11003535
11005142
11006751
11008238
11009005
11010048
11010078
11010589
11012111
11012148
11012156
11012176
11012185
11012200
11012215
11012240
11012309
11012322
11012330
11012882
11012886
11012897
11012898
11014489
11017468
11018508
11019193
11019211
11020790
11020793
11022260
11022278
11022338
11027629
11027638
11030595
11031006
11031027
11032178
11032200
11034667
11035506
11036031
11036619
11039222
11039617
11040736
11045431
11046508
11046513
11051694
11051710
11051794
11051868
11051870
11051972
11052550
11052723
11052728
11052737
11052748
11053446
11053452
11053461
11053470
11053491
11054761
11054764
11054765
11054766
11054770
11054772
11056625
11056627
11056640
11056679
11056744
11059074
11059078
11059270
11060144
11060146
11065375
11065524
11065628
11065641
11066274
11066301
11069130
11072266
11072596
11072597
11072602
11072606
11073067
11073072
11075768
11077551
11079685
11080192
11082569
11086190
11088125
11088157
11088196
11088312
11088367
11088446
11088466
11091963
11091972
11091980
11091990
11092003
11092081
11092138
11102184
11102837
11103021
11109792
11109801
11109807
11109946
11109950
11116995
11118455
11121860
11122107
11136176
11136196
11136549
11149111
11149530
11149858
11150163
11155880
11159551
11159570
11161369
11161381
11163164
11164943
11166595
11178856
11181309
11182122
11189704
11189706
11194941
11203203
11203208
11203929
11203932
11203933
11203938
11203939
11203941
11204203
11204206
11204207
11204214
11204217
11204222
11204224
11204225
11204226
11204232
11204237
11204239
11212068
11212376
11214697
11214726
11214800
11215153
11215171
11215377
11216493
11219876
11221500
11225648
11226239
11226240
11226282
11226285
11226286
11227986
11230372
11230461
11230473
11230483
11230496
11237132
11242243
11243145
11244701
11253106
11253110
11259868
11262265
11262270
11269098
11269099
11269107
11269122
11269158
11269288
11269299
11270393
11270705
11271327
11272025
11289391
11290445
11294944
11295349
11297572
11297717
11299157
11299158
11300094
11300528
11302132
11302499
11305070
11308734
11308767
11308774
11308781
11310279
11310311
11310317
11310339
11310340
11311052
11311071
11313536
11313541
11314473
11317487
11317629
11318848
11318879
11319853
11320599
11321789
11322079
11322293
11323410
11325100
11325191
11325265
11325596
11325898
11326174
11327368
11327392
11327394
11327937
11328188
11329792
11329794
11329818
11331133
11331165
11331207
11332078
11333624
11333740
11333891
11335185
11335395
11336051
11336121
11336128
11336129
11337600
11337604
11337624
11339188
11339245
11340374
11340390
11340688
11340692
11341205
11341619
11342518
11343142
11343158
11343164
11343694
11343700
11345297
11345301
11345717
11346845
11348292
11348378
11348694
11352626
11353039
11353953
11355299
11357706
11358664
11358905
11359206
11359210
11359921
11360101
11360570
11361182
11362865
11362909
11364911
11365767
11370993
11370994
11370995
11370996
11370998
11373638
11378430
11378745
11378781
11380264
11380293
11380410
11380455
11381820
11382971
11386252
11389322
11400764
11400967
11404865
11410250
11411830
11413827
11414254
11414339
11414493
11414518
11422753
11423908
11424329
11429070
11432850
11434735
11434770
11437590
11439829
11440801
11440821
11440908
11442412
11443452
11443468
11443471
11447300
11447302
11452387
11452397
11458248
11458294
11458421
11459894
11461134
11467481
11467621
11467744
11468401
11470509
11472327
11472329
11473823
11475083
11478028
11478039
11478797
11478805
11478850
11478864
11478924
11479223
11482264
11483709
11483784
11484516
11484801
11485383
11488757
11490431
11491440
11491952
11492034
11492309
11493231
11495595
11499514
11499550
11500800
11501649
11503184
11505991
11506004
11508817
11511860
11511909
11511915
11513478
11515654
11516991
11517072
11517256
11517656
11517737
11518108
11518148
11518348
11518535
11519949
11520141
11522916
11522934
11522983
11523003
11525508
11525583
11526504
11528059
11533829
11535272
11536374
11536479
11536676
11536911
11537727
11538609
11539402
11539664
11543251
11543350
11543443
11545893
11546058
11546630
11548454
11548813
11553239
11553365
11553366
11553444
11554151
11554155
11558102
11558106
11558110
11558116
11558490
11559634
11560027
11561347
11561422
11562974
11563148
11564212
11564215
11565243
11565244
11565255
11565385
11567881
11568257
11569693
11571197
11571423
11571484
11571495
11571507
11571560
11575511
11575879
11575926
11575929
11576173
11577371
11578631
11580418
11581776
11582728
11584189
11584196
11584650
11585228
11585881
11591221
11591238
11591585
11591956
11592371
11592711
11592769
11592891
11592917
11592935
11593014
11593015
11593036
11593602
11593796
11594519
11594551
11594626
11596084
11596125
11597608
11597932
11597964
11597987
11598002
11598053
11600206
11600231
11600626
11601704
11602862
11605556
11606847
11607119
11607630
11610430
11610453
11610656
11610665
11610669
11610927
11610931
11611055
11614568
11620357
11628040
11628053
11628653
11628674
11629719
11630150
11631046
11631048
11632241
11633845
11633846
11633852
11633859
11633862
11633893
11633895
11633905
11638731
11639584
11639616
11643621
11648426
11648442
11648445
11649865
11649872
11649881
11650099
11652196
11652966
11655309
11656416
11656427
11656430
11656496
11656972
11658254
11658312
11658423
11658425
11658438
11659946
11660041
11660047
11660167
11660566
11660570
11660630
11660634
11660652
11660662
11660844
11660891
11662090
11662297
11663303
11663317
11663347
11663362
11663507
11663508
11663531
11663537
11664724
11664745
11664764
11664807
11664895
11664912
11665179
11665220
11665231
11665237
11670342
11671440
11671448
11671457
11674676
11674730
11674735
11674749
11674779
11684304
11684877
11695159
11702184
11702230
11702993
11703113
11703630
11705293
11712036
11712933
11713762
11715601
11716696
11716697
11718055
11718348
11722155
11724510
11724514
11724524
11724531
11724797
11726890
11727745
11727749
11727758
11727767
11727776
11727797
11727802
11727806
11727814
11727834
11728338
11728364
11728471
11728537
11730991
11731709
11732124
11732234
11732658
11732665
11732680
11735646
11735657
11740902
11742996
11742999
11743036
11743248
11745774
11746083
11746502
11746611
11750004
11750009
11750122
11750155
11753108
11753118
11756454
11757041
11757148
11757311
11757526
11757699
11757840
11766418
11769130
11771099
11771155
11771164
11771178
11774844
11775637
11779478
11780350
11781160
11781771
11781990
11783762
11783766
11784321
11785244
11786441
11786654
11788104
11789954
11789979
11790201
11790502
11797583
11797891
11797894
11803849
11803995
11805207
11805371
11805385
11805810
11806101
11811387
11813470
11813497
11813514
11813544
11814217
11814253
11814262
11814346
11815210
11815215
11817111
11818483
11819663
11819732
11819738
11820009
11820790
11824970
11824982
11825000
11825049
11827695
11829254
11832499
11832535
11833022
11834805
11835006
11835043
11835540
11835542
11836507
11838748
11840840
11843979
11845525
11845551
11845609
11845616
11845621
11845628
11845629
11845630
11845639
11846803
11847865
11847868
11847916
11848554
11849616
11849733
11851167
11851634
11852419
11853799
11857582
11862054
11862145
11862168
11862347
11862873
11868116
11868191
11868198
11868202
11871729
11875378
11881236
11882436
11882625
11884728
11889930
11891613
11891616
11891622
11891655
11891660
11891664
11895016
11901514
11903863
11903869
11907678
11909448
11915725
11917255
11917266
11919388
11919390
11920327
11920830
11920871
11920904
11926791
11929996
11932992
11934477
11935782
11939951
11941111
11943553
11943562
11946374
11946679
11948373
11950145
11953408
11953898
11953913
11953989
11954005
11960365
11960692
11983456
11986588
11987027
11994438
11994440
11994443
11994584
11994588
11994594
11994620
11995124
11995131
11995496
11996741
12000607
12000609
12000614
12000616
12000630
12004473
12004474
12004476
12004478
12005492
12007692
12007906
12007971
12007972
12007975
12007983
12008984
12010411
12010415
12019360
12022142
12022161
12022182
12022234
12022241
12022262
12022382
12022428
12025860
12027823
12029241
12040317
12040691
12042789
12043700
12047445
12054448
12059173
12061223
12061227
12061230
12061231
12061238
12061259
12061265
12077475
12079104
12082631
12094135
12095557
12102660
12104269
12104270
12104288
12111304
12111908
12123763
12129499
12131154
12135592
12163865
12164105
12169742
12190401
12190402
12190587
12200163
12200683
12200814
12200823
12203640
12204071
12204122
12205680
12207056
12209970
12212275
12223486
12225804
12226196
12227091
12229885
12234889
12234891
12234894
12234899
12234919
12235739
12236379
12236407
12236430
12236452
12237638
12237715
12241012
12241911
12242691
12242696
12251481
12256473
12260721
12261758
12261763
12262039
12266335
12268877
12271746
12274770
12274804
12279440
12279452
12279498
12282616
12282626
12282647
12282819
12282820
12282822
12282825
12282827
12282830
12282834
12282835
12285108
12289897
12289901
12289907
12289923
12289967
12290698
12296439
12298279
12298643
12298649
12298662
12298668
12298910
12300537
12300540
12300544
12300549
12301463
12301467
12301844
12301855
12303130
12310728
12311287
12315321
12315332
12315348
12316643
12317458
12318016
12319943
12319961
12320100
12320110
12323949
12324187
12324191
12329602
12331113
12332849
12332852
12332862
12332863
12334324
12336000
12340815
12340816
12340817
12341247
12341273
12341277
12343472
12344077
12344354
12344477
12344623
12344638
12345613
12353672
12355350
12355472
12358238
12363260
12365548
12365592
12367436
12367758
12369564
12369570
12369577
12369860
12369892
12370057
12370559
12372364
12372383
12372426
12372454
12372458
12372465
12372468
12372470
12373362
12373408
12373507
12375829
12377403
12385163
12389548
12389591
12389598
12389622
12389635
12391122
12391135
12391136
12391416
12391424
12392360
12392469
12393497
12393508
12393509
12393510
12393513
12393515
12393517
12395294
12397278
12398151
12403118
12403134
12410544
12413955
12414016
12418233
12418244
12419642
12421429
12421435
12422456
12422469
12422958
12422965
12422979
12423219
12424114
12425343
12425387
12425413
12425462
12426318
12426319
12426320
12429306
12429312
12429323
12429356
12429442
12429467
12429494
12429498
12429778
12433868
12435848
12437313
12437335
12437352
12437451
12437811
12437812
12437814
12437817
12442870
12449161
12450005
12463509
12476509
12476514
12476527
12476528
12482133
12485229
12485234
12485245
12485250
12486222
12486223
12486229
12488500
12488506
12488578
12488636
12488637
12510475
12512020
12512022
12512024
12512027
12512031
12512032
12512037
12512066
12512071
12513144
12514111
12514112
12514114
12514115
12515214
12515215
12515225
12515231
12515235
12515240
12515241
12515242
12515245
12515269
12515271
12515276
12515281
12517501
12517514
12517521
12517526
12517578
12518078
12518090
12522857
12527657
12534136
12534968
12537394
12539326
12540217
12541516
12542942
12546639
12546940
12548140
12550605
12555418
12557509
12559705
12562909
12564399
12565815
12566504
12568969
12577446
12578380
12579058
12579387
12580618
12581171
12581505
12581511
12581516
12584909
12584942
12585549
12585551
12589078
12589080
12589095
12589692
12590546
12590822
12590887
12591869
12592327
12592384
12592387
12594613
12594747
12595753
12595972
12595984
12595997
12595998
12596194
12596196
12596198
12597885
12599297
12599352
12599411
12602345
12602403
12604164
12604170
12604666
12604892
12605135
12605202
12605203
12611799
12611806
12614993
12616462
12619189
12619365
12619438
12621082
12621084
12621091
12621092
12621096
12622925
12623079
12623523
12623539
12624442
12625217
12625245
12625258
12626133
12626134
12626137
12626145
12626148
12626153
12626900
12626903
12626946
12626947
12626952
12626962
12626979
12626982
12626987
12627005
12627008
12627044
12627045
12627848
12627864
12627865
12627888
12627896
12629430
12629499
12629506
12630112
12631743
12631754
12631758
12631765
12631771
12631772
12632806
12632855
12633457
12633481
12634134
12634145
12634159
12635472
12637850
12638137
12638580
12638608
12638615
12639763
12640226
12643108
12643539
12643542
12644542
12644563
12644606
12644607
12644621
12644636
12644640
12644762
12645229
12645766
12645767
12645954
12647512
12647961
12648033
12648038
12648040
12648041
12648073
12648442
12648559
12648606
12648612
12648645
12648715
12648786
12648799
12649108
12649117
12649150
12649153
12649778
12652139
12652143
12652146
12652154
12652163
12652772
12653806
12653825
12654332
12654480
12657357
12657363
12657693
12657698
12657709
12657743
12661614
12661615
12661616
12662518
12662523
12662528
12664217
12664232
12665685
12665686
12666805
12668538
12671520
12672002
12672122
12674607
12675300
12675820
12687670
12690955
12694086
12695515
12696934
12698053
12698629
12698630
12698631
12698632
12700040
12704275
12704276
12704985
12706234
12708438
12712455
12713339
12713837
12724260
12724287
12724299
12724300
12724382
12735023
12736579
12749878
12752184
12757223
12757227
12760752
12764984
12784865
12784950
12786257
12786610
12786692
12789115
12795133
12795513
12795864
12796365
12796492
12801181
12803477
12808824
12810190
12811327
12811349
12811886
12812188
12813230
12814205
12814234
12814268
12818914
12819091
12823836
12825194
12825852
12826163
12829578
12831084
12835012
12835065
12835069
12837798
12838507
12840123
12840251
12843707
12843712
12843719
12844360
12844389
12848858
12849055
12849408
12849460
12851860
12852229
12852285
12852440
12852574
12854223
12854278
12855891
12859467
12860428
12860442
12861338
12861632
12862566
12863019
12864707
12864820
12865743
12867917
12873578
12873599
12874496
12875626
12876146
12876783
12877758
12877805
12877973
12878498
12879126
12879942
12879958
12880001
12880597
12884006
12884008
12884907
12886064
12886072
12886073
12886081
12886087
12886088
12886089
12886109
12886110
12886188
12886196
12887553
12890138
12890980
12891034
12895264
12896511
12897123
12899136
12900399
12902539
12902545
12902550
12902562
12902567
12902603
12906725
12906739
12906744
12907292
12907842
12908398
12908600
12908618
12909025
12910016
12910856
12911395
12915459
12915809
12915937
12918532
12922826
12923680
12924174
12924180
12924852
12924874
12924879
12924882
12924892
12924912
12926206
12926734
12927213
12927328
12927969
12930548
12930804
12932276
12932314
12932565
12932572
12932684
12932692
12939089
12939442
12939555
12941551
12942994
12943041
12943047
12943054
12943292
12943453
12943578
12944849
12944850
12944851
12945664
12947050
12947053
12947064
12947065
12948550
12948559
12948665
12948768
12948784
12948836
12948844
12948864
12948902
12948909
12949036
12949040
12949049
12949052
12949054
12949088
12949239
12949247
12949253
12949267
12949268
12950087
12950095
12950436
12951463
12951483
12951496
12951497
12952182
12953425
12953869
12954098
12959750
12960534
12963864
12971765
12972182
12974683
12977294
12979144
12979165
12979237
12979267
12979683
12979733
12985035
12985239
12986247
12986248
12986254
12987396
12987751
12991724
12991769
12993168
12993180
12994110
12994203
12997225
12997245
12997557
12997575
12998698
12999371
12999377
12999401
13004937
13009079
13011507
13013486
13013487
13013488
13013492
13013494
13013495
13013496
13016093
13016094
13016105
13016106
13016147
13016151
13016584
13018674
13020487
13020488
13020524
13020526
13020529
13020544
13033764
13036397
13036400
13036402
13036404
13036450
13036452
13038288
13038298
13038313
13038318
13038326
13038329
13040589
13042467
13043907
13044028
13044137
13044152
13044283
13045058
13045397
13045973
13045993
13046119
13046216
13046246
13046258
13046293
13046302
13048392
13048938
13048940
13048944
13048945
13048946
13048976
13049009
13052820
13054748
13054802
13055542
13055544
13055546
13055550
13055551
13055563
13061570
13061660
13063468
13064276
13066545
13066548
13066551
13066559
13066562
13066585
13066586
13066587
13072726
13075321
13079346
13079353
13080225
13080268
13087325
13088540
13089435
13089436
13089452
13089457
13093174
13093222
13093230
13093231
13093286
13093288
13093306
13093341
13093345
13093358
13093366
13093367
13093375
13093378
13093381
13095762
13095825
13095925
13102356
13102359
13102394
13102443
13102454
13102459
13102463
13102468
13102471
13102500
13102513
13102514
13102520
13102526
13102552
13103259
13103280
13103283
13105746
13108682
13108686
13108687
13109135
13109136
13109921
13109980
13111798
13111805
13112843
13113630
13116788
13117060
13117342
13117370
13117389
13117426
13117869
13118174
13118186
13118219
13118269
13118972
13121969
13126407
13128458
13128470
13128654
13129351
13129366
13129386
13130946
13135794
13135795
13135797
13136265
13136283
13137852
13139851
13141773
13142274
13142370
13142391
13143095
13143178
13143265
13143934
13144086
13144216
13144566
13149925
13150147
13150152
13150282
13150570
13150755
13151119
13152126
13152160
13152266
13152315
13152331
13152335
13152447
13152528
13152633
13152637
13152859
13153891
13153907
13153941
13153950
13153955
13153960
13154264
13157425
13157581
13158644
13162302
13163298
13166234
13169540
13170603
13170651
13173295
13174023
13174064
13174086
13174101
13174115
13174116
13174118
13174126
13174130
13175124
13175129
13175146
13177890
13182602
13187333
13188255
13189082
13190250
13191652
13194061
13195113
13195122
13197297
13197300
13197304
13197322
13197387
13197388
13197391
13197588
13197639
13200849
13202946
13205691
13207115
13207121
13207131
13207132
13207136
13207137
13207148
13210388
13211083
13211127
13211128
13211148
13211152
13211255
13211261
13211701
13214272
13217008
13217094
13217131
13219489
13220213
13223119
13223140
13223919
13223936
13223948
13223949
13223965
13223972
13223977
13223980
13223981
13225464
13225479
13226310
13231400
13233630
13234033
13234041
13234076
13234123
13234125
13234137
13234160
13234173
13234775
13234802
13238013
13238080
13238527
13238539
13240069
13241638
13241846
13242186
13247266
13248899
13248932
13254229
13254232
13254438
13254462
13255117
13255190
13258832
13258833
13258847
13258871
13258888
13259147
13259157
13263077
13263078
13263079
13263089
13263102
13263103
13263114
13263126
13263137
13263139
13263140
13263142
13263149
13263150
13263160
13263161
13263162
13263164
13263179
13263181
13263189
13263198
13263212
13263215
13263223
13267735
13270480
13270483
13270484
13270489
13270494
13270508
13270509
13270515
13270871
13271345
13272570
13272626
13273305
13277563
13277936
13278903
13278926
13278943
13281824
13281826
13281901
13282478
13282507
13282748
13282766
13284618
13284632
13284644
13284993
13290207
13291875
13294415
13294782
13295986
13298617
13300551
13300553
13303413
13307542
13309466
13311058
13315074
13315076
13315078
13315087
13315089
13322391
13322835
13325880
13327336
13327346
13327494
13329425
13329433
13329435
13329486
13329548
13329550
13329562
13329566
13329573
13329578
13331789
13332604
13334113
13334498
13334601
13334750
13334760
13334778
13334791
13334844
13334846
13334853
13334874
13334878
13334943
13336418
13336851
13337189
13337199
13337322
13343516
13343519
13343533
13343539
13344100
13345303
13345415
13345417
13345424
13345428
13345434
13345436
13345439
13345441
13345930
13348610
13348637
13348643
13353106
13355155
13355402
13356419
13356446
13356453
13356455
13356457
13356459
13356464
13356471
13356473
13356475
13356590
13358817
13358823
13358864
13358875
13360946
13361850
13361863
13362224
13362233
13362245
13362248
13362249
13362251
13366908
13366913
13366972
13366973
13366974
13366979
13366987
13366989
13366991
13366995
13367007
13367627
13367716
13368003
13368214
13368283
13368430
13368439
13368469
13368505
13368705
13368963
13370095
13370207
13371722
13377936
13381296
13382629
13384541
13388586
13399454
13402188
13402201
13402282
13402289
13405144
13405151
13405160
13405166
13407108
13410833
13417269
13417285
13417300
13420671
13420824
13420923
13422312
13422321
13422323
13422329
13422338
13425203
13427160
13427271
13427274
13427824
13427893
13427895
13427936
13428978
13431097
13432016
13432358
13432359
13432361
13432363
13432365
13432396
13432417
13432430
13439795
13439798
13441322
13444055
13444391
13444413
13444443
13444449
13444458
13444461
13444463
13445282
13448373
13450535
13453067
13453068
13456374
13456380
13457000
13457004
13457011
13457012
13457067
13457077
13458789
13459045
13460592
13462519
13462532
13462551
13462555
13462557
13462559
13462562
13462572
13462577
13462583
13462589
13462595
13464059
13467023
13469648
13469993
13473223
13474821
13477450
13478249
13478253
13478259
13478266
13479456
13485528
13488946
13492134
13498021
13500194
13500195
13502763
13506934
13511601
13511602
13511604
13513325
13515211
13515236
13516578
13523945
13528136
13531852
13532220
13535276
13540623
13566136
13576379
13576776
13589853
13605234
13611990
13622669
13622699
13634654
13634986
13637984
13637986
13637988
13644500
13644784
13644787
13645584
13645585
13647642
13649622
13653824
13658430
13658526
13660321
13665205
13665594
13667211
13672684
13673253
13675462
13676176
13676226
13680381
13680760
13691310
13691541
13691555
13691781
13695252
13695264
13695283
13700178
13705833
13706995
13707003
13711812
13711814
13711815
13711817
13714483
13716375
13717552
13718634
13720639
13720720
13725742
13728795
13728840
13728842
13728871
13729402
13729542
13736102
13736110
13736125
13736136
13736149
13736151
13736155
13736156
13736164
13743174
13743178
13743282
13743758
13743762
13743765
13743770
13743771
13744238
13744401
13744404
13744410
13744412
13744416
13744423
13744613
13748368
13748383
13748387
13748395
13748409
13748417
13748435
13752082
13752087
13752090
13752094
13753355
13753628
13757081
13765212
13766761
13767964
13769811
13773040
13773046
13773067
13777379
13777382
13777392
13777404
13777442
13777817
13777878
13780057
13780059
13780075
13780086
13780090
13781021
13782582
13787028
13787312
13787316
13787568
13787573
13787579
13787771
13787966
13789926
13789982
13792120
13792122
13792625
13792918
13792953
13792958
13792967
13792970
13793174
13793178
13794169
13796141
13796178
13796186
13797748
13797829
13797838
13800075
13800088
13800090
13800092
13800095
13800100
13800106
13800108
13800110
13800138
13800148
13800164
13800166
13800516
13800518
13800524
13800541
13801316
13804884
13810324
13814489
13818092
13818104
13818107
13822242
13824037
13824040
13824051
13824057
13824083
13824292
13824293
13824343
13824356
13828459
13828621
13828639
13828642
13828649
13828652
13829208
13829288
13834385
13835807
13837011
13837025
13840040
13840042
13840046
13840047
13840049
13840050
13845053
13851412
13851414
13851417
13854669
13854722
13854822
13855847
13856112
13856118
13856121
13856130
13856134
13856141
13856626
13858519
13858553
13858695
13858697
13858717
13858766
13858801
13858822
13859499
13863941
13871343
13872331
13872886
13874837
13884312
13886452
13886612
13886888
13886919
13889588
13890566
13893264
13893267
13898671
13898681
13898768
13898777
13898781
13898789
13899464
13901993
13904859
13905655
13905663
13905666
13905667
13905671
13905678
13905680
13905682
13905689
13905721
13905722
13906135
13906694
13910417
13910437
13910439
13911601
13914410
13916555
13917131
13917444
13917445
13917551
13918964
13920142
13924861
13926731
13926735
13926737
13929951
13938853
13940360
13941488
13942139
13943397
13943837
13948503
13950607
13950920
13952747
13952750
13961934
13966868
13969926
13972073
13975441
13975986
13991337
13991939
13995463
14003170
14007223
14010173
14012947
14013285
14013289
14013947
14014387
14016314
14016315
14017001
14017565
14017662
14017841
14018046
14018050
14018053
14018114
14018596
14018771
14018772
14018774
14018779
14018821
14018853
14019649
14019686
14020264
14021640
14021641
14023293
14023304
14023451
14023491
14023498
14023499
14023505
14023506
14024112
14024454
14024487
14024488
14027236
14028831
14028839
14030089
14030167
14030173
14030337
14030346
14030492
14030494
14030498
14032639
14033481
14033562
14033630
14033667
14034396
14034458
14034627
14034638
14034653
14034656
14034657
14034896
14034906
14034957
14034984
14034993
14036383
14037540
14038511
14038855
14038857
14038863
14038879
14038882
14039490
14039683
14039909
14039914
14039915
14039917
14039922
14039927
14039928
14040115
14040289
14040732
14041542
14041650
14041669
14041745
14042106
14042542
14042628
14043035
14043191
14043355
14043542
14043787
14043791
14043862
14043867
14044159
14044488
14044758
14045306
14045315
14045380
14045386
14045391
14045396
14045739
14045767
14045768
14045774
14045775
14045778
14045782
14045792
14045800
14045802
14045816
14045941
14046223
14046750
14047309
14047316
14048870
14049125
14049154
14050081
14050779
14051046
14051047
14051068
14051247
14051285
14052253
14052548
14052559
14052705
14052803
14052804
14052805
14052812
14052815
14052816
14052829
14052831
14053566
14053613
14053625
14053960
14053971
14053973
14053989
14053994
14054689
14054719
14055279
14055303
14055306
14055307
14055580
14055888
14056244
14056336
14056340
14056357
14056435
14056449
14056450
14056460
14056466
14058053
14059741
14060427
14060430
14060595
14060602
14060603
14060604
14060607
14061067
14062100
14062322
14064031
14064997
14067802
14068844
14068889
14069048
14069513
14070492
14070549
14070556
14070557
14071991
14072271
14072274
14072276
14072280
14072281
14072283
14072958
14072995
14073282
14073311
14073323
14073355
14073995
14074016
14074151
14074757
14075323
14075904
14076562
14077494
14085059
14087217
14087898
14088268
14088334
14088704
14088753
14089156
14089364
14089365
14089914
14089921
14089926
14090231
14090305
14091050
14092232
14092573
14093001
14095348
14095357
14097207
14097227
14097713
14097717
14098439
14098453
14098939
14100832
14100924
14101130
14101135
14101137
14101143
14101145
14101147
14101153
14101163
14101167
14101169
14102118
14104835
14108034
14118113
14120289
14121120
14121505
14121506
14125568
14128289
14128736
14129918
14130523
14131705
14135360
14135364
14135370
14136849
14141659
14143756
14143770
14151273
14151296
14153246
14160760
14163935
14164515
14166024
14167814
14167829
14175717
14176363
14176396
14176400
14176830
14176842
14176845
14176933
14177414
14179852
14184819
14188668
14189739
14190519
14192407
14193029
14195102
14197777
14197967
14199141
14200591
14201340
14201750
14201769
14202030
14202065
14202358
14203635
14203683
14206109
14209388
14210088
14210177
14210472
14210521
14211513
14211895
14212728
14215257
14216070
14216169
14216482
14218721
14220578
14220583
14220597
14220599
14220615
14221288
14223122
14223203
14226277
14226630
14226780
14226836
14227613
14227820
14227827
14230502
14232945
14238156
14238171
14242232
14247380
14249571
14249577
14261850
14263485
14263700
14264941
14265022
14265029
14265046
14265048
14265051
14265056
14265057
14265059
14265066
14265072
14265074
14267283
14267344
14273061
14273445
14273492
14273503
14273522
14274718
14274820
14275053
14275078
14275102
14275119
14275144
14275616
14275629
14275718
14275792
14275815
14275821
14275830
14280662
14280983
14281373
14282417
14283164
14283246
14283328
14283775
14285629
14286300
14292580
14298795
14299186
14299318
14300992
14301016
14302306
14305283
14309946
14311645
14312358
14312723
14313076
14313092
14313094
14313117
14313514
14314814
14315434
14315651
14315652
14317192
14317193
14317195
14317199
14317209
14317215
14317216
14318036
14318037
14318038
14318045
14318048
14318640
14318656
14318670
14318674
14318680
14318684
14319100
14319291
14319507
14319508
14319510
14319516
14319517
14319522
14319523
14319525
14319527
14319528
14319530
14319619
14320628
14320631
14320761
14321235
14326429
14326483
14326544
14326561
14326575
14326590
14332297
14332336
14332900
14332912
14334810
14334825
14334845
14335170
14337150
14337176
14337193
14337201
14338651
14338665
14338876
14338900
14339198
14342362
14347294
14347305
14347333
14347559
14348297
14348642
14348651
14348662
14348678
14349479
14351322
14351326
14352641
14352644
14353244
14354251
14357123
14357398
14363403
14363809
14363816
14363821
14363962
14363980
14364563
14367213
14369196
14369200
14369208
14369365
14369371
14369375
14369814
14370305
14370306
14370308
14370309
14370312
14370340
14370419
14370421
14370422
14370596
14376397
14376627
14377225
14381320
14385683
14385688
14385722
14385879
14385880
14385881
14388500
14390426
14390431
14390436
14390437
14394181
14394227
14394241
14394242
14394247
14394265
14394273
14394280
14394419
14396166
14397386
14397391
14397440
14397463
14397468
14397469
14397481
14397492
14397493
14397881
14397885
14397886
14397902
14397905
14399498
14400095
14400114
14404033
14404034
14408448
14408513
14410365
14416325
14418041
14418043
14418048
14418070
14418179
14418209
14418232
14418513
14418558
14418563
14418600
14418602
14418621
14418622
14418623
14418624
14418637
14418644
14422852
14427595
14430572
14430578
14430585
14430595
14439825
14439852
14440332
14440359
14440368
14440376
14440398
14440415
14440984
14440987
14442136
14443258
14443321
14443922
14443925
14444000
14446233
14446270
14446277
14446441
14446499
14446850
14447155
14447160
14447269
14447302
14447344
14447896
14448507
14449162
14449309
14450311
14450319
14450322
14450329
14451564
14451571
14451574
14451582
14451583
14451587
14451591
14458299
14458436
14458573
14461578
14462541
14462544
14462550
14462551
14462555
14472173
14472176
14472182
14472184
14472185
14472187
14472227
14473749
14486110
14486119
14486123
14486147
14486149
14488551
14488666
14489059
14489069
14489071
14489753
14489761
14489770
14489781
14489792
14489804
14494466
14496996
14497313
14497316
14499821
14499859
14499947
14501333
14501515
14503853
14504188
14504197
14504200
14504203
14504207
14504214
14504218
14504751
14504775
14504779
14504842
14504965
14506750
14506768
14506774
14507982
14513713
14515409
14515437
14515446
14515457
14515458
14515494
14515512
14515515
14515518
14515525
14515531
14516675
14518608
14518609
14518610
14518612
14518616
14518727
14518730
14518734
14518741
14518747
14518751
14518759
14518765
14518768
14518970
14519016
14519035
14519037
14521859
14522328
14523738
14523862
14523972
14524558
14525532
14525535
14526145
14526757
14526985
14527319
14528001
14528476
14530158
14530396
14530596
14530621
14530638
14530681
14532001
14532625
14532657
14532763
14533132
14533136
14533138
14534965
14535491
14537257
14537275
14540943
14545478
14546606
14546802
14546867
14547368
14547375
14547376
14547380
14547385
14547388
14547395
14547404
14547414
14547421
14547423
14547427
14548329
14548332
14548342
14548346
14548352
14548948
14550860
14550887
14552998
14553001
14553006
14553116
14553119
14553122
14553128
14553136
14556544
14557026
14557070
14557098
14557109
14557128
14557138
14557151
14557177
14557413
14557417
14557420
14557502
14561757
14563087
14563115
14563117
14563163
14564850
14575325
14575328
14575331
14575344
14575345
14575356
14575358
14578254
14578259
14580983
14580987
14580991
14580994
14580997
14580998
14580999
14581002
14581007
14581012
14581014
14581020
14581023
14581031
14581032
14581035
14581037
14581038
14581040
14581042
14581043
14581045
14581047
14581051
14581055
14581069
14581073
14581076
14581080
14581081
14581086
14581088
14584048
14585334
14585360
14586668
14587594
14587614
14588321
14589210
14589223
14589242
14589259
14589376
14589583
14590762
14590764
14590769
14590774
14590788
14590800
14590813
14590972
14591110
14591164
14591190
14591194
14591216
14591249
14593167
14593199
14593902
14593961
14596761
14596786
14597090
14598035
14599202
14599747
14601822
14602452
14602474
14603862
14603863
14603864
14604491
14604520
14604526
14605581
14607865
14607936
14608145
14608146
14611331
14611446
14611611
14612053
14612080
14612090
14612441
14612478
14613128
14615622
14616495
14616499
14616861
14619909
14621622
14627010
14627018
14628268
14628272
14629425
14629426
14629443
14629453
14629456
14629458
14629459
14629464
14629492
14630332
14630667
14637624
14638093
14638103
14638105
14638111
14638146
14638148
14638153
14640762
14643430
14643448
14645494
14645495
14645497
14645498
14645503
14645504
14645505
14645507
14645508
14645509
14645510
14645513
14645514
14645523
14645524
14646576
14646612
14646615
14646617
14647309
14651375
14651377
14651385
14651484
14653045
14653062
14653134
14653143
14653144
14653651
14654761
14654765
14654775
14655076
14656642
14658337
14658723
14658921
14658930
14658939
14659079
14659182
14659336
14659341
14659342
14659343
14659346
14659352
14659353
14659355
14659358
14659370
14659382
14659833
14659846
14659871
14660549
14661298
14661317
14662373
14662377
14662379
14662382
14662384
14662421
14662424
14662429
14662431
14662434
14662437
14662444
14662446
14662449
14662451
14665541
14665556
14665560
14665571
14665574
14665576
14665578
14665633
14665635
14666049
14666053
14666057
14666060
14666063
14666085
14666088
14666140
14666858
14666862
14666874
14669518
14670447
14670466
14670489
14670539
14671485
14672734
14672875
14672908
14673714
14673721
14676353
14679767
14685149
14685317
14685321
14685323
14685708
14685729
14685953
14686031
14690471
14690472
14690473
14690475
14690489
14690494
14690496
14690974
14692054
14692056
14692062
14692070
14692077
14692084
14694197
14694341
14694356
14694379
14696281
14701995
14701996
14702004
14702024
14702035
14702046
14702066
14702115
14702127
14702148
14703543
14703555
14703558
14703591
14703593
14703923
14703932
14704424
14705038
14710152
14710160
14711579
14711667
14711672
14711691
14711718
14711736
14711835
14711880
14711906
14711907
14711910
14711924
14711927
14711970
14711973
14711976
14711977
14714603
14714604
14714605
14714609
14714617
14714639
14714686
14714805
14714808
14714811
14716701
14718386
14718891
14718892
14718897
14718914
14718915
14718918
14718924
14718927
14718930
14718951
14718955
14718963
14718968
14718974
14718981
14718989
14718991
14718993
14718994
14718995
14718998
14718999
14719000
14719001
14719004
14719005
14719006
14719009
14719010
14719011
14719015
14719016
14719022
14719027
14719028
14719032
14719033
14719034
14719037
14719038
14719043
14719046
14719047
14719051
14719058
14719063
14719072
14719073
14723753
14724623
14724642
14724657
14724680
14724683
14724684
14724691
14724692
14724694
14724695
14724696
14724697
14724698
14724699
14724704
14724707
14725358
14725461
14725562
14727274
14727610
14727721
14734209
14735331
14739614
14740173
14740187
14740196
14740205
14740225
14740243
14740257
14740274
14740313
14740316
14740619
14747133
14747137
14747142
14747229
14747262
14747267
14748471
14748479
14748579
14748647
14748865
14749793
14750618
14750699
14750776
14751075
14751123
14751134
14751141
14751150
14751807
14751810
14751837
14752004
14752227
14752233
14752245
14752252
14752264
14752286
14752289
14752291
14752295
14752296
14752298
14753301
14756624
14757383
14757394
14759570
14759571
14759577
14765352
14765750
14765884
14766190
14766845
14767871
14767912
14768181
14771864
14774414
14774441
14774542
14775092
14779184
14781346
14781350
14784024
14785364
14785365
14785520
14790399
14798077
14800285
14800662
14800669
14800734
14800752
14800787
14805177
14805183
14805186
14805187
14805189
14805202
14805204
14805209
14805215
14805226
14805229
14805230
14805231
14805232
14805249
14805253
14805255
14805261
14805271
14805272
14805273
14805274
14805275
14805276
14805279
14805283
14805297
14805299
14805304
14805308
14805319
14805328
14805329
14805332
14805340
14805347
14805353
14805361
14805362
14805364
14805365
14805366
14805380
14805394
14805405
14805407
14805816
14805914
14807320
14810045
14810046
14813495
14813647
14818183
14818382
14819002
14819512
14819712
14819714
14819723
14819730
14819766
14820685
14821218
14821850
14822711
14825649
14826058
14826215
14826886
14826898
14827041
14827043
14827357
14827358
14827359
14827360
14827361
14830625
14832129
14835833
14837376
14837419
14837434
14837437
14837441
14837442
14837445
14837460
14837463
14837466
14837506
14837510
14840060
14846069
14846077
14846098
14846110
14846111
14846308
14846315
14846318
14846336
14846375
14846386
14846392
14846466
14846487
14847450
14847918
14847951
14847984
14847992
14848080
14848274
14848278
14848356
14849454
14849471
14849476
14849479
14849484
14849628
14849730
14849734
14849735
14849740
14849744
14853085
14853095
14853106
14853128
14853150
14853519
14853665
14853708
14853726
14853891
14853899
14855349
14855452
14855455
14855469
14855492
14855498
14855532
14855783
14855814
14857022
14857412
14857740
14857745
14857753
14857755
14857936
14858145
14858189
14858277
14858289
14858393
14858398
14864206
14864215
14864216
14864219
14864235
14864241
14864255
14864257
14865156
14867261
14868647
14869212
14879874
14881870
14881940
14881943
14881966
14881985
14881987
14885940
14885951
14885954
14885957
14885972
14885973
14888038
14888044
14898103
14909179
14909333
14914071
14914295
14924594
14925604
14939005
14940604
14946959
14948956
14955359
14960893
14963537
1500
15006787
1501
15015287
15022699
15022720
15023369
15023371
15023376
15023378
15030332
15030336
15030337
15030338
15030339
15032013
15035764
15035973
15036074
15036076
15036077
15036081
15036083
15036085
15036092
15036101
15036105
15036120
15036122
15036195
15040429
15040464
15044126
15045654
15046177
15046202
15046218
15046261
15046566
15050839
15052568
15052574
15055345
15055369
15055909
15055914
15055990
15058908
15061550
15061553
15064318
15064322
15064341
15064344
15064345
15069742
15069744
15071327
15076016
15079852
15081456
15081463
15086760
15091052
15092666
15092726
15096624
15096635
15105438
15107687
15109712
15111951
15113208
15120688
15120732
15122515
15125530
15125538
15128041
15128052
15131948
15132023
15132041
15132046
15132059
15132061
15132158
15132159
15134449
15136608
15136709
15136715
15136723
15136726
15136729
15147086
15147550
15147639
15147640
15147642
15148440
15150645
15151997
15154605
15155658
15156247
15156985
15163390
15163440
15163444
15163463
15163465
15163484
15163673
15164387
15168620
15168624
15169042
15169191
15169197
15171823
15173664
15173669
15173671
15173672
15173674
15173675
15173679
15173680
15173683
15173684
15173685
15173687
15173694
15173828
15173830
15173887
15176974
15179369
15183507
15183509
15183788
15184333
15184346
15184381
15189414
15189415
15189416
15189418
15189419
15189420
15189421
15189431
15189434
15190199
15190219
15190225
15190243
15190247
15190250
15190291
15193117
15193368
15194224
15194230
15194250
15194262
15194335
15196960
15196997
15197903
15197908
15197909
15201008
15201861
15201863
15201865
15201869
15201871
15201878
15201879
15201880
15201882
15201895
15201902
15203103
15203152
15203155
15203156
15203595
15203599
15203605
15203606
15203636
15203637
15203893
15203946
15204148
15204247
15204250
15204286
15204298
15204570
15204595
15204637
15206366
15207032
15207110
15207144
15209339
15209346
15209376
15209671
15209680
15209705
15211113
15211118
15211718
15211721
15211723
15211730
15211740
15211742
15211744
15218540
15218541
15218542
15218553
15218554
15218556
15218557
15218565
15218566
15218568
15219228
15219305
15219590
15219595
15219598
15219599
15220112
15220811
15223953
15223962
15229286
15229291
15229298
15229304
15229309
15229998
15230089
15230439
15230456
15231455
15231461
15231464
15231536
15231538
15231672
15247115
15249560
15255109
15255443
15257142
15258154
15258221
15259679
15259686
15261850
15263034
15265495
15265499
15265502
15265508
15265517
15265519
15265542
15265556
15265561
15265585
15265609
15265618
15265639
15265640
15265648
15265681
15265709
15265712
15265719
15265720
15265731
15265768
15265778
15265800
15265808
15265809
15265810
15265817
15265818
15265819
15265824
15265845
15265849
15265854
15265871
15265879
15265883
15265887
15265896
15265897
15265899
15265902
15265903
15265914
15265921
15265929
15265931
15265933
15269906
15279688
15285610
15285964
15288829
15290410
15290867
15290875
15292453
15299601
15307104
15309858
15309863
15309874
15309889
15309956
15309961
15309979
15310011
15310020
15310025
15310026
15310027
15310030
15310042
15310046
15310068
15310076
15310079
15310084
15310114
15313431
15319344
15319367
15320329
15323335
15323336
15323346
15323347
15323349
15323351
15323352
15323355
15323357
15325615
15325862
15331154
15331157
15331172
15331173
15333897
15349671
15350139
15350145
15350149
15350150
15350172
15350174
15350318
15350349
15351185
15351191
15351510
15356873
15356874
15356875
15356895
15357991
15358008
15358295
15358303
15358305
15362535
15362589
15362692
15362702
15365474
15367883
15367906
15371821
15374241
15388290
15397621
15400473
15403867
15419913
15422411
15422412
15422864
15430190
15431912
15433061
15438162
15447481
15451283
15452012
15453273
15455736
15462871
15471160
15471161
15471162
15471165
15471173
15471181
15471182
15471193
15471196
15471197
15471200
15471202
15485775
15493661
15493663
15493665
15493668
15494281
15496406
15499847
15499880
15499886
15499890
15503510
15505800
15506238
15506241
15506250
15509275
15509284
15509360
15509720
15510728
15510739
15510836
15510848
15512398
15512402
15512410
15512414
15512417
15512479
15512488
15512504
15512516
15513372
15513373
15513374
15514980
15515364
15515370
15515371
15515381
15515383
15515387
15515389
15515490
15516100
15516487
15516507
15516521
15516567
15516738
15517827
15517829
15517832
15517833
15518294
15518627
15518639
15518867
15518870
15518908
15519232
15519252
15519389
15519589
15519695
15520109
15520340
15521153
15521165
15521171
15521183
15521200
15521218
15521247
15522489
15522496
15522501
15522974
15523670
15523698
15523968
15524087
15524131
15524133
15524151
15524230
15524231
15524288
15524888
15524889
15524936
15524941
15524951
15525257
15525568
15525708
15525720
15525724
15525741
15526407
15526463
15526467
15526493
15526859
15526868
15526891
15527487
15527492
15528167
15528180
15528185
15528541
15528542
15528545
15528546
15528646
15528853
15529158
15529250
15529257
15529327
15529367
15529740
15529997
15530008
15530009
15530011
15530019
15530023
15530025
15530026
15530028
15530031
15530037
15530039
15530292
15530293
15530902
15530913
15530991
15531683
15531685
15532659
15532663
15532666
15533829
15533974
15534713
15535219
15536011
15536261
15536262
15536267
15536297
15536328
15536340
15536345
15536350
15536352
15536590
15536597
15536657
15536881
15536909
15536912
15536993
15537027
15537122
15537405
15538149
15538165
15538183
15538189
15538194
15538195
15538198
15538204
15538792
15539522
15540780
15541375
15541807
15541894
15542386
15542695
15542701
15542706
15542720
15542737
15543245
15543291
15543297
15543301
15543302
15543305
15543307
15543323
15543330
15543331
15543336
15543338
15543370
15543493
15543495
15543497
15543854
15544417
15546298
15548067
15548217
15548343
15548360
15548378
15548379
15548386
15548994
15549000
15549002
15549006
15549010
15549014
15549019
15549044
15549046
15549053
15549057
15549649
15549731
15549736
15549744
15549757
15549776
15549777
15552399
15553277
15553766
15553770
15553780
15555077
15555999
15556003
15556006
15557897
15558106
15558457
15558469
15558470
15558476
15558501
15558502
15558503
15558984
15559192
15559784
15563556
15563558
15563593
15563786
15563861
15564633
15564634
15564636
15565160
15566177
15566184
15569325
15569485
15570364
15570388
15570395
15571130
15572171
15572543
15572553
15572576
15573540
15575308
15575332
15575343
15575461
15575637
15578208
15578327
15579397
15579508
15580599
15580908
15580932
15582641
15583675
15584603
15584845
15585494
15588728
15591635
15591641
15591643
15591644
15591655
15592758
15592826
15592829
15592856
15594880
15596366
15596736
15598436
15599487
15599616
15599642
15604461
15605284
15605985
15607584
15607585
15607586
15607587
15607588
15607589
15607592
15607593
15607594
15607598
15607599
15607600
15607602
15607605
15607610
15609796
15610656
15611688
15615567
15617215
15620247
15626267
15629036
15629310
15631372
15631493
15642136
15648585
15649385
15652437
15656090
15656240
15665143
15665686
15666201
15666589
15666592
15666594
15666596
15668071
15668204
15668244
15670501
15670517
15670520
15671486
15674687
15680997
15682991
15684972
15688772
15689321
15691260
15691263
15691265
15691276
15691291
15691295
15692482
15692953
15693619
15693647
15698166
15698177
15698182
15698192
15698730
15704002
15704518
15706229
15706236
15707137
15710427
15710832
15718645
15725414
15725582
15727654
15728543
15728544
15729641
15730233
15735258
15735277
15735377
15735401
15735906
15742226
15747129
15750835
15750852
15750863
15750879
15750886
15750890
15751048
15751057
15751077
15751266
15751305
15751313
15751358
15751382
15751648
15751734
15752237
15752628
15753025
15755470
15759676
15761836
15763102
15763437
15763454
15764812
15765100
15766881
15766936
15767020
15767030
15767060
15767557
15767633
15767777
15771666
15772619
15772724
15772777
15772786
15773420
15773485
15775618
15776451
15776525
15777247
15777254
15777262
15777266
15777274
15777280
15777282
15777283
15777300
15778457
15778741
15779263
15779264
15779269
15779271
15779277
15779451
15779468
15779471
15779475
15779478
15779483
15779484
15779488
15779493
15779624
15779625
15780732
15780751
15780920
15780939
15780949
15780956
15780959
15780964
15780972
15780973
15780977
15781912
15781921
15783712
15783850
15784538
15784758
15784793
15784804
15784811
15785071
15787645
15787667
15787698
15787706
15787713
15787726
15787730
15787743
15789314
15789402
15790541
15790681
15790704
15790722
15792169
15792180
15792189
15792196
15792253
15792256
15792265
15792575
15792578
15792587
15792588
15792590
15792593
15793510
15794271
15794485
15794518
15794523
15794807
15799134
15804471
15808754
15808826
15808907
15809036
15811323
15814108
15814134
15817294
15817390
15817569
15818466
15818546
15818979
15820006
15820011
15822469
15823964
15823983
15824004
15825639
15829905
15832070
15834112
15834377
15834716
15834749
15838321
15838625
15838963
15838978
15838995
15839766
15848450
15851771
15852452
15852455
15852460
15852463
15852535
15852558
15852560
15852605
15852610
15852645
15852701
15852705
15852709
15852710
15852712
15852726
15854060
15856468
15863860
15863866
15863909
15868563
15878654
15878692
15882163
15887606
15892864
15896455
15897136
15897196
15897321
15897460
15897468
15899961
15900197
15902909
15906590
15909307
15909366
15909391
15909587
15910089
15910098
15910100
15911039
15911054
15911867
15912069
15912348
15914014
15914605
15916137
15916144
15916167
15919453
15919454
15919455
15919456
15919457
15919458
15919460
15919463
15920286
15925459
15932275
15932278
15932284
15932342
15932345
15932357
15932360
15932372
15932375
15932379
15932381
15932382
15932383
15932385
15932395
15932397
15932398
15932422
15932474
15932783
15932789
15932792
15932796
15932800
15932805
15932808
15932814
15932822
15932826
15932864
15932872
15932884
15932899
15932902
15932944
15932945
15934056
15934235
15934236
15934237
15934238
15934239
15934242
15934243
15934245
15934246
15934249
15934250
15934251
15934258
15934262
15934270
15934272
15934274
15935273
15943465
15945268
15945275
15949791
15950515
15950598
15950623
15950628
15950649
15950653
15950657
15950661
15950664
15950667
15950670
15950688
15953395
15957079
15957970
15958157
15961821
15962939
15962941
15963169
15963771
15963913
15964229
15964231
15964861
15964870
15964878
15964879
15964880
15964882
15964886
15964888
15964889
15964892
15964893
15964895
15964901
15964905
15964908
15964909
15964910
15964915
15966424
15966435
15966438
15966507
15966566
15966567
15966569
15966577
15966579
15966580
15966582
15966587
15982068
15982069
15982070
15982071
15982072
15982073
15982108
15983924
15983926
15983935
15983983
15983995
15984035
15984049
15984060
15984068
15984070
15984083
15986144
15986969
15988752
15988763
15988996
15989043
15989099
15989106
15991518
15991526
15991555
15991970
15992076
15992096
15992106
15992150
15992157
15992188
15992224
15992254
15992309
15992313
15992318
15992368
15992376
15992388
15992553
15992596
15992610
15993123
15993168
15993192
15993376
15993382
15993394
15993462
15993470
15993480
15993487
15993491
15993495
15993505
15993512
15993519
15993522
15993525
15993528
15993531
15993742
15994472
15994618
15994708
15996376
15996391
15996396
15996400
15996404
15996421
15996438
15996444
15996449
15996526
15996550
15996551
15996553
15996556
15996687
15996808
15996846
15996850
15996855
15996860
15997724
15999587
16000494
16004196
16004878
16004904
16004937
16004955
16004960
16004966
16004976
16005078
16005458
16005465
16005471
16005477
16005497
16005504
16005511
16005541
16005561
16005569
16005575
16005583
16005589
16007298
16009271
16009583
16014143
16014144
16014274
16014277
16014281
16014282
16014285
16014286
16014288
16014289
16014291
16014293
16014295
16014297
16014307
16014433
16017727
16018365
16018598
16018659
16019101
16019106
16019600
16020699
16020706
16020708
16020709
16020710
16020711
16020712
16020717
16020721
16020852
16020908
16020943
16021735
16021754
16021815
16021820
16021823
16021896
16022505
16023565
16023566
16023569
16023570
16023576
16023598
16023609
16023610
16023613
16023794
16023801
16023804
16023967
16024026
16024252
16025528
16028783
16028787
16028793
16028801
16028809
16028826
16028844
16028847
16028865
16028872
16029364
16032422
16033305
16033350
16033358
16033375
16036831
16038739
16038781
16038788
16038801
16039166
16039167
16039170
16039172
16039174
16039177
16039180
16039182
16039211
16039215
16039230
16039236
16041472
16041996
16042004
16042087
16042142
16042200
16042204
16044297
16044316
16045942
16054931
16057174
16058465
16058470
16058481
16058483
16059780
16059784
16059785
16059787
16059790
16059792
16059793
16059794
16059797
16059799
16059800
16059802
16059803
16059805
16059807
16059809
16059811
16059814
16059815
16063427
16063478
16071110
16071113
16071115
16071129
16071139
16071141
16071177
16071183
16071188
16071200
16071207
16071219
16071284
16071303
16071345
16073818
16073822
16073843
16073963
16074893
16074950
16074957
16074963
16074980
16075390
16079601
16079632
16081047
16081064
16081090
16081096
16081100
16081108
16081113
16081122
16081129
16081136
16081142
16081155
16081160
16081174
16081338
16081349
16081358
16082518
16082888
16083015
16083093
16083229
16083785
16083787
16083788
16083789
16083790
16083792
16083997
16084004
16084010
16087718
16087835
16087901
16090353
16090730
16090816
16090844
16090849
16092207
16092212
16092411
16092434
16092438
16092486
16092532
16092541
16092557
16092615
16092703
16096089
16096096
16097196
16099625
16099628
16099630
16099635
16099673
16099693
16099701
16099706
16099710
16099712
16099716
16099828
16100799
16102194
16102205
16102236
16102249
16102264
16102271
16102279
16102285
16102359
16103364
16103377
16103397
16103432
16103440
16103446
16104528
16105405
16105791
16106329
16106747
16107989
16109042
16109067
16109073
16109115
16109283
16109432
16110098
16110145
16110185
16110214
16110357
16110362
16110372
16110375
16110396
16110412
16110421
16110430
16110435
16110454
16110458
16110467
16110470
16110474
16110476
16110497
16110502
16110510
16110511
16110517
16110683
16110689
16111586
16111664
16111700
16112735
16113469
16114911
16114916
16114924
16114931
16114962
16115029
16115033
16115036
16115112
16116155
16116160
16116166
16116171
16116183
16116190
16116198
16116205
16116310
16116534
16118033
16118037
16118052
16118059
16118063
16118067
16118068
16118069
16118072
16118073
16125167
16125479
16128553
16128577
16128591
16129950
16130000
16130029
16130049
16130088
16130093
16130127
16130132
16132458
16132462
16132467
16132474
16132476
16132479
16132502
16132512
16132515
16132517
16132522
16132531
16132534
16132536
16132566
16133197
16134372
16134631
16135328
16135333
16135339
16135342
16135358
16135360
16135365
16135367
16135378
16135400
16136652
16136692
16136950
16137658
16138742
16139196
16139197
16139199
16139207
16139259
16139263
16139268
16139275
16139277
16139286
16139293
16139307
16139311
16139317
16139321
16139323
16139328
16139339
16140536
16140541
16140559
16140565
16140571
16140576
16140593
16140596
16140601
16140613
16141631
16143599
16143631
16144081
16144205
16144248
16144317
16144328
16144407
16144410
16144424
16146952
16146975
16148022
16151736
16152231
16152876
16152984
16153592
16158311
16158315
16158316
16158329
16158340
16158350
16158352
16158353
16159693
16159711
16159716
16160630
16162273
16162485
16162487
16162488
16162489
16162491
16162492
16162495
16162496
16162497
16162499
16162500
16162501
16163600
16163815
16163955
16166846
16166848
16166853
16166857
16166894
16166924
16166931
16166935
16166937
16166939
16166950
16166956
16166958
16166964
16166967
16172992
16175069
16175073
16175101
16175110
16175115
16178947
16178953
16178959
16178963
16178969
16178974
16178983
16178985
16179042
16179055
16179059
16179061
16181788
16182637
16182638
16182640
16182641
16182642
16182647
16182652
16182653
16182654
16182655
16182658
16182659
16182661
16182662
16182663
16182664
16182665
16182667
16182671
16182674
16182675
16182676
16183058
16186164
16186265
16186269
16186272
16188118
16188562
16194325
16195844
16195859
16199372
16199414
16199421
16199447
16199456
16199463
16199473
16199508
16199809
16199831
16199839
16200070
16200162
16200247
16200252
16200255
16200258
16200875
16201005
16201007
16201028
16201034
16201090
16201106
16201108
16201113
16201125
16201144
16201145
16201170
16201180
16201200
16201207
16201210
16201213
16201221
16201233
16201236
16201243
16201258
16201261
16201268
16201269
16201280
16201299
16201618
16202104
16202113
16202143
16202150
16203641
16203644
16203906
16203931
16204044
16206936
16207008
16207216
16207227
16207234
16207250
16207301
16207302
16207306
16207318
16207378
16207384
16207385
16207386
16207434
16207442
16207443
16207444
16207445
16207446
16207447
16207454
16207456
16207470
16207471
16207472
16207474
16207476
16207479
16207486
16207502
16207503
16207504
16207505
16208721
16211850
16211864
16211891
16212648
16214148
16214214
16214221
16214230
16214237
16214469
16214481
16214526
16214558
16214574
16214630
16215747
16215763
16215765
16215767
16215785
16215786
16216218
16216484
16216569
16216575
16216579
16216606
16216671
16216675
16216678
16216682
16216774
16216777
16216778
16216781
16217629
16217701
16217838
16218350
16218413
16218456
16218460
16218463
16218472
16218490
16218510
16218525
16219007
16219084
16219801
16219905
16220019
16220088
16220295
16221295
16221297
16222276
16224337
16224625
16225315
16225405
16225601
16226617
16226655
16226938
16228355
16228821
16228829
16228836
16229787
16231797
16232252
16232274
16232312
16232318
16232324
16232335
16232471
16232544
16232746
16232960
16232966
16232973
16233000
16234426
16234604
16234606
16235132
16235263
16235817
16236135
16241121
16242131
16242689
16243406
16243407
16243408
16243409
16243411
16243412
16243413
16243414
16243415
16243416
16243417
16243418
16243419
16243420
16243421
16243422
16243424
16243426
16243427
16243431
16243433
16243434
16243436
16243437
16243441
16243442
16243443
16243444
16243445
16243446
16243451
16243452
16243460
16243470
16243483
16243505
16243509
16243513
16243514
16243524
16243538
16243884
16243886
16243897
16243898
16243899
16248829
16248838
16249537
16249774
16249786
16249796
16249800
16249804
16250457
16250562
16250674
16251265
16251267
16251277
16253886
16253892
16253899
16253923
16253956
16258719
16264521
16264904
16265481
16265740
16265748
16266243
16266271
16268202
16268218
16269957
16269961
16269962
16269963
16269964
16269965
16269966
16270385
16270420
16270783
16270786
16270787
16276797
16276800
16277143
16277148
16277155
16277161
16277165
16277167
16277173
16277175
16277182
16277184
16277189
16277192
16277194
16277196
16277228
16277235
16277238
16277241
16277246
16277253
16277265
16277266
16277273
16277275
16277277
16277279
16277281
16277283
16277379
16277380
16277383
16277389
16277410
16277411
16277412
16277414
16277417
16277418
16277419
16277421
16277425
16277781
16277782
16277783
16277784
16277785
16277786
16277787
16277788
16277789
16277790
16277791
16277792
16277793
16277794
16277795
16277796
16277797
16277798
16277799
16277800
16277801
16277802
16277804
16277805
16277806
16277807
16277808
16277809
16277810
16277811
16277812
16277813
16277814
16277815
16277816
16277817
16277818
16277819
16277820
16277821
16277822
16277823
16277824
16277825
16277826
16277827
16277829
16277830
16277832
16277833
16277834
16277835
16277836
16277837
16277838
16277839
16277840
16277841
16277842
16277843
16277844
16277845
16277846
16277847
16277848
16277849
16277850
16277851
16277852
16277853
16277854
16277855
16277856
16277857
16277858
16277860
16277861
16277862
16277864
16277866
16277867
16277868
16277869
16277870
16277871
16277872
16277874
16277875
16277876
16277877
16277878
16277879
16277880
16277882
16277884
16277885
16277886
16277887
16277888
16277889
16277890
16277891
16277892
16277893
16277894
16277896
16277897
16277898
16277899
16277900
16277901
16277902
16277903
16277904
16277906
16277907
16277909
16277910
16277911
16277912
16277913
16277914
16277915
16277917
16277918
16277919
16277920
16277921
16277922
16277923
16277924
16277925
16277927
16277930
16277931
16277935
16278189
16278200
16278590
16278591
16278592
16278593
16278594
16278595
16278596
16278597
16278598
16278599
16278600
16278601
16278602
16278603
16278604
16278605
16278606
16278607
16278608
16278609
16278610
16278611
16278613
16278614
16278615
16278616
16278666
16279823
16279824
16279825
16279829
16280129
16280754
16280755
16280756
16287742
16287744
16288536
16288596
16288604
16289312
16289326
16289337
16289357
16289365
16289368
16289369
16289370
16289373
16289375
16289402
16289408
16289409
16289410
16289418
16289448
16289461
16289462
16289467
16289469
16289472
16289475
16289476
16290270
16291499
16291531
16291533
16291534
16291537
16291538
16291541
16291544
16291547
16291552
16291555
16291559
16291562
16291563
16291565
16291567
16291568
16291569
16291572
16292900
16295521
16295629
16295634
16295702
16295708
16295710
16296374
16296484
16296493
16296496
16296531
16297365
16297415
16300076
16305750
16307524
16309695
16313232
16313328
16314706
16321725
16323944
16324979
16325026
16325125
16325259
16326312
16326743
16326745
16327546
16328386
16336191
16339505
16339524
16339560
16340069
16340076
16349752
16349756
16349766
16349769
16350274
16350275
16350276
16350278
16350280
16363482
16363484
16363485
16363488
16363489
16363490
16363491
16363494
16363495
16363496
16363498
16363500
16363502
16363503
16363506
16363507
16363510
16363511
16363512
16363514
16363515
16363517
16363518
16363519
16363523
16363525
16363526
16363527
16363528
16364212
16364213
16366966
16366970
16367186
16367345
16367546
16367631
16367846
16368862
16371782
16371787
16375148
16381555
16381572
16381896
16381905
16381916
16381937
16386497
16392879
16394115
16394219
16394236
16394242
16396587
16397810
16404863
16405148
16406391
16406392
16406395
16406397
16406398
16406402
16406403
16406421
16406422
16406423
16406424
16406425
16406427
16406430
16409946
16415120
16418966
16420104
16420333
16420343
16421802
16421807
16421809
16421816
16421824
16421826
16421856
16421861
16421865
16421866
16421870
16421876
16421878
16421882
16421893
16421898
16421904
16421906
16421910
16421913
16421915
16421917
16421926
16421928
16421929
16421930
16421933
16421942
16421943
16421946
16421947
16421963
16421968
16421977
16421979
16421980
16421981
16421983
16422008
16422696
16425342
16425343
16425347
16425381
16427228
16428284
16428349
16428370
16428382
16428392
16428935
16428945
16429066
16429098
16431231
16432878
16432880
16432884
16432909
16432913
16438292
16445107
16445632
16447611
16457096
16457271
16463115
16467210
16467330
16468281
16468344
16471039
16471700
16471824
16471840
16471875
16472383
16472392
16472399
16472406
16472424
16472459
16472470
16472795
16472811
16474270
16475986
16476282
16478133
16478798
16480402
16480407
16482092
16482096
16484263
16488333
16488356
16488767
16489836
16489842
16489848
16489865
16489883
16489888
16494879
16494882
16494887
16494892
16494897
16494901
16494911
16494916
16494924
16494926
16494930
16494933
16494940
16494976
16494979
16494981
16494982
16494983
16496655
16496656
16497467
16497478
16499235
16502389
16504631
16507568
16507569
16507570
16507571
16507572
16507575
16507576
16507577
16507578
16507579
16507581
16507582
16507635
16507648
16507649
16507660
16507672
16507675
16507676
16507709
16507712
16507720
16507727
16507730
16508143
16508234
16508244
16508256
16510967
16511139
16511548
16511641
16520054
16520058
16520067
16520070
16520104
16520106
16520110
16520121
16520920
16520922
16520923
16520930
16520931
16520932
16520934
16520936
16520937
16520938
16521474
16523870
16523941
16523962
16524006
16524072
16524612
16524627
16524633
16525269
16525270
16525271
16525272
16525274
16525275
16525280
16525283
16525284
16525286
16525288
16525290
16525296
16525297
16525299
16525300
16525302
16525305
16525545
16526277
16530504
16530600
16530770
16530906
16530927
16530966
16530967
16531052
16531057
16531070
16531074
16531079
16531090
16531091
16531101
16533254
16534988
16535271
16535343
16535380
16535430
16535439
16536590
16537384
16537434
16538155
16538379
16539230
16539244
16539267
16539375
16540113
16542641
16542779
16542780
16542782
16542858
16542870
16543057
16546801
16548661
16548663
16548668
16548670
16548680
16548689
16548691
16548694
16548695
16548700
16548702
16548704
16548707
16548712
16548714
16548717
16548719
16548784
16554291
16554308
16554309
16554310
16554311
1899766
3602619
4432437
4622299
4688611
4774722
534317
5421309
5601205
5674634
5782139
6240215
6247407
6282222
6375041
6457947
6466202
6527372
6530364
6585066
6594185
6606133
6637747
6665461
7111724
7123058
7146050
7146077
7182143
7191958
7221655
7260604
7303924
7352134
7359140
7458642
7473716
7490525
7490800
7495516
7502363
7502375
7504008
7513461
7559552
7560747
7570592
7579777
7628432
7630273
7645359
7675104
7678249
7975629
8002240
8018281
8065026
8080925
8084506
8096492
8125974
8140316
8140331
8140711
8160794
8174413
8176509
8177130
8187213
8209699
8337030
8373164
8373165
8373166
8399263
8399265
8441230
8442016
8448208
8456308
8456325
8476037
8476046
8494925
8494996
8515400
8555801
8584822
8586272
8592497
8593912
8608009
8616668
8690717
8690728
8755410
8848094
8853202
8892523
8959107
8969632
9060253
9066564
9096013
9096098
9097348
9105073
9144703
9144710
9177330
9204074
9206586
9231403
9232606
9232690
9239923
9247922
9250725
9268846
9273265
9297304
9299743
9310509
9310700
9318456
9334494
9334504
9339769
9351286
9355113
9356860
9357501
9360169
9360172
9374976
9374978
9376219
9378179
9384279
9384284
9385920
9386094
9393157
9403541
9409536
9419765
9427547
9443489
9443494
9454939
9455463
9455746
9455754
9455759
9455764
9457370
9457439
9457443
9457467
9477224
9484013
9490933
9498832
9516580
9523715
9542329
9545543
9545981
9552356
9557405
9557468
9558512
9572015
9591548
9613038
9613865
9620541
9630231
9632949
9634258
9638011
9640532
9641469
9651592
9653522
9661740
9682111
9684604
9692355
9700771
9702824
9705701
9708709
9713909
9720346
9723913
9728463
9728924
9730038
9733969
9736792
9737861
9764993
9778441
9797345
9804266
9820417
9824214
9833217
9846549
9872613
9874981
9875515
9879443
9881807
9908419
9946107
9947701
9956636
9967660
