10050
10182
1029
1036
1040
1041
1046
1053
10954
1097
10978
1099
1100
11002
11016
11020
11027
1103
1107
11085
11086
11129
11132
11188
11192
11221
1127
11311
11325
11330
11332
11353
11370
11394
11429
11486
11498
11551
11552
1157
1160
11603
11613
1163
11644
11647
11660
11720
11723
11765
11835
11837
1187
11919
11925
11926
11953
11963
11988
11991
1200
12000
12005
12023
12031
12040
12045
1205
12050
12051
12059
12066
12079
12099
12123
13229
13275
1340
13741
13757
13816
13846
13853
1422
1425
1426
1427
1428
1433
14358
14374
14375
1444
1451
14679
1469
14722
1478
1481
1483
14830
14842
14853
14854
1486
14860
14864
1487
14871
14883
14889
14920
14932
14935
14944
14946
14951
14952
14959
14966
14971
14973
14974
14980
14985
14995
1502
15022
15036
15038
1504
15056
15059
15075
15080
15083
15089
15095
15103
15159
1519
1528
1529
1530
15318
15319
15324
15328
15331
15332
15349
15350
15351
15352
1536
15368
15399
1544
15555
15583
1560
1563
1564
1567
1568
1578
1579
15794
15795
15796
15802
1587
1591
15938
15943
15964
1597
15980
15981
15999
16000
16001
16007
1601
1602
16027
1603
16037
16038
1605
1606
16100
16101
16104
16106
1611
1612
1614
1615
16156
1616
1620
1627
16305
16307
1631
1633
1636
1637
1639
1640
1643
16437
1644
16440
16446
16451
16453
16454
1647
16470
16477
1648
16481
16483
16486
16487
16489
1649
16496
16499
1650
1652
16524
1653
16535
16541
1658
1659
1664
1666
1667
1668
1669
1670
1673
1678
1680
1687
1689
1690
1691
1695
1696
1698
1700
1701
1702
1707
1710
1711
1713
1717
1718
1720
1723
1726
1727
1729
1735
1736
1742
1746
1747
1755
17551
1758
1759
1760
1762
1793
1798
1799
18030
1807
1813
1821
18301
1833
1835
1841
1843
1844
1850
1854
1855
18571
18574
18585
18636
1869
1870
1872
1874
18743
1877
1890
18908
18943
1895
1900
19023
1903
1905
1910
1911
19157
19160
19179
19181
19185
19189
19198
19199
19231
19261
19273
19276
19278
19281
19285
19294
19297
19309
19317
19318
19321
19327
1933
19335
19342
19354
1936
19368
19380
19387
19395
19398
19403
19408
19410
19420
19432
19436
1944
19441
1947
1954
1956
19578
1959
19627
1965
1967
1969
1971
1972
1974
1977
19784
19796
19820
19821
19824
19826
19827
19828
19837
19842
19843
19844
19849
1985
19852
19854
19865
19870
19907
19911
19912
19965
19967
19979
20012
20117
20234
20242
20261
20271
20370
20610
20816
21209
21210
21438
21439
2157
2160
2162
2164
2166
2196
2205
2207
22260
2237
2239
2253
2271
2273
2274
2275
2280
2287
2288
22900
2293
22992
2394
2395
2444
2446
2462
2471
2472
2475
2476
2478
2482
2483
2486
25871
25886
25918
26175
26753
26759
26760
27007
27341
27348
27353
27355
27376
27386
27419
27577
27990
28903
28930
2924
29414
29662
29704
29857
29899
30107
30215
30217
30514
30793
3101
32821
33074
33076
33078
33080
33085
33089
33093
3312
3440
34753
34755
35007
35012
35793
35794
36217
36431
36527
36584
36631
36652
36656
36658
36659
36661
36663
36718
36775
36856
36860
36861
36896
36897
37147
3762
3808
38094
3827
38289
3837
3839
3842
3844
3845
38610
38829
38981
39042
39154
39410
3962
39727
3975
39958
3998
40006
40038
4007
40070
40195
4072
4073
4075
4076
4078
4080
4081
41284
4150
41832
41833
41834
41884
4209
4211
4213
4233
4234
4239
4252
4258
4261
4320
4324
4345
43588
43594
43752
4388
44054
44399
44449
45051
45454
46003
46028
46109
46414
4664
46823
46831
46879
46933
47807
48194
4826
48705
48806
48996
4912
4942
49706
49709
49710
49711
49712
49718
50268
5042
51035
51168
51612
52644
52925
53594
53600
53601
53900
53964
54514
54645
54947
54963
55146
55460
56712
584
587
588
5892
598
600
602
604
605
60795
612
613
614
615
616
617
6176
61786
61788
61797
61798
61799
618
61820
619
61927
620
621
622
62275
62279
623
62326
624
62401
62414
62472
625
64155
643
644
645
64742
64945
65853
66751
67471
68170
68180
68200
68204
684
692
695
704
706
708
709
711
7112
712
713
714
715
716
717
718
7193
721
722
723
724
727
728
729
7316
7332
735
738
7447
757
763
764
765
766
767
768
770
803
8036
805
8238
832
834
8382
8411
8417
8420
8423
8441
8473
8479
854
860
861
868
8838
906
9137
9188
9191
9193
9195
9199
9217
9222
9231
926
9341
937
9446
9492
9494
9631
9677
9727
9744
9747
977
9812
9860
